0 0.728125 0.9015625 0.03046875 0.0953125
0 0.5859375 0.8109375 0.02890625 0.0984375
0 0.8578125 0.69921875 0.03515625 0.071875
1 0.76796875 0.85546875 0.05 0.265625
1 0.98828125 0.80703125 0.0234375 0.1703125
1 0.6140625 0.615625 0.03359375 0.18046875
1 0.57578125 0.675 0.03046875 0.134375
1 0.82421875 0.63359375 0.02890625 0.196875
1 0.56171875 0.7671875 0.03515625 0.1671875
1 0.1890625 0.425 0.03515625 0.1609375
1 0.24296875 0.43828125 0.02109375 0.1546875
1 0.428125 0.37734375 0.03515625 0.1578125
1 0.3984375 0.37734375 0.01796875 0.14453125
0 0.44140625 0.43046875 0.0109375 0.059375
0 0.42109375 0.42890625 0.01796875 0.04921875