1 0.31953125 0.45625 0.053125 0.1671875
1 0.271875 0.43828125 0.03359375 0.0921875
1 0.0421875 0.58125 0.07109375 0.259375
1 0.39609375 0.04609375 0.05234375 0.0921875
1 0.38515625 0.196875 0.0625 0.1609375
1 0.68984375 0.3234375 0.0609375 0.1578125
1 0.6390625 0.4828125 0.05625 0.2328125
1 0.74296875 0.521875 0.0578125 0.1875
1 0.684375 0.55859375 0.05 0.1609375
1 0.65859375 0.6734375 0.07109375 0.1546875
1 0.64140625 0.87109375 0.06796875 0.2578125
1 0.803125 0.88984375 0.05625 0.08828125
1 0.7515625 0.965625 0.05 0.06875
1 0.8203125 0.9640625 0.0484375 0.059375
1 0.7609375 0.78984375 0.059375 0.24296875
1 0.7046875 0.81953125 0.053125 0.2890625
0 0.34765625 0.27265625 0.03984375 0.06875
0 0.28828125 0.4859375 0.04375 0.06875
0 0.27890625 0.52734375 0.04375 0.059375
0 0.69609375 0.959375 0.0421875 0.08125