1 0.8890625 0.0734375 0.07265625 0.146875
1 0.3921875 0.05625 0.059375 0.1125
1 0.0421875 0.5765625 0.07109375 0.2828125
1 0.45859375 0.7046875 0.09453125 0.24921875
1 0.32421875 0.46171875 0.046875 0.21640625
1 0.26953125 0.4578125 0.03828125 0.1578125
1 0.63984375 0.36640625 0.0578125 0.13125
1 0.6328125 0.50234375 0.06875 0.2328125
1 0.7109375 0.415625 0.0515625 0.11796875
1 0.684375 0.53046875 0.0625 0.17734375
1 0.7390625 0.52734375 0.06875 0.18359375
1 0.65859375 0.6703125 0.0625 0.17421875
1 0.64609375 0.78359375 0.0671875 0.125
1 0.6328125 0.89453125 0.0625 0.20390625
1 0.8234375 0.9640625 0.07890625 0.059375
1 0.82421875 0.8765625 0.08984375 0.10859375
1 0.7640625 0.76875 0.0671875 0.2
1 0.70390625 0.79140625 0.0609375 0.27890625
0 0.2921875 0.484375 0.03515625 0.059375
0 0.28515625 0.515625 0.04140625 0.0625
0 0.87890625 0.05234375 0.02265625 0.0359375
0 0.696875 0.9515625 0.0359375 0.096875
0 0.41171875 0.79453125 0.0421875 0.14765625