1 0.3953125 0.0640625 0.05625 0.128125
1 0.0390625 0.578125 0.07109375 0.2859375
1 0.31796875 0.4515625 0.0609375 0.196875
1 0.26875 0.42890625 0.03671875 0.13125
1 0.6390625 0.36328125 0.07421875 0.17109375
1 0.71484375 0.44140625 0.059375 0.13828125
1 0.74453125 0.53828125 0.0640625 0.20703125
1 0.6328125 0.5140625 0.05625 0.2828125
1 0.634375 0.89765625 0.04375 0.2046875
1 0.825 0.903125 0.09765625 0.128125
1 0.7046875 0.82265625 0.065625 0.30859375
1 0.7671875 0.84921875 0.0609375 0.13125
1 0.68046875 0.53984375 0.0515625 0.125
0 0.28828125 0.47109375 0.053125 0.059375
0 0.27890625 0.515625 0.05 0.0625
0 0.5984375 0.44296875 0.03359375 0.121875
0 0.69296875 0.95703125 0.0484375 0.08515625