1 0.4109375 0.05625 0.05546875 0.1125
1 0.34375 0.17421875 0.0578125 0.2
1 0.2625 0.425 0.03828125 0.11171875
1 0.32109375 0.47421875 0.046875 0.18359375
1 0.0421875 0.5828125 0.0625 0.2625
1 0.73359375 0.3578125 0.046875 0.2
1 0.6328125 0.5109375 0.046875 0.25625
1 0.678125 0.42890625 0.03984375 0.1578125
1 0.7484375 0.56953125 0.07734375 0.17109375
1 0.65859375 0.6765625 0.053125 0.1546875
1 0.63671875 0.88515625 0.0609375 0.2296875
1 0.76328125 0.76875 0.0578125 0.1609375
1 0.703125 0.8125 0.059375 0.30234375
1 0.6828125 0.53671875 0.04140625 0.1578125
1 0.80078125 0.8765625 0.0546875 0.08828125
1 0.74375 0.96875 0.06875 0.04921875
1 0.81875 0.96171875 0.0625 0.0765625
0 0.31171875 0.221875 0.03671875 0.065625
0 0.28359375 0.484375 0.04375 0.059375
0 0.2828125 0.52734375 0.0484375 0.065625
0 0.6953125 0.37578125 0.04375 0.0984375
0 0.69921875 0.965625 0.0453125 0.06875