1 0.39140625 0.05390625 0.0578125 0.1078125
1 0.04609375 0.56484375 0.065625 0.27265625
1 0.2640625 0.41875 0.0421875 0.125
1 0.321875 0.47265625 0.0578125 0.19375
1 0.55703125 0.3171875 0.06875 0.18359375
1 0.57109375 0.47265625 0.07578125 0.2265625
1 0.6328125 0.484375 0.059375 0.24921875
1 0.7078125 0.43203125 0.05625 0.15078125
1 0.7421875 0.5421875 0.07734375 0.21328125
1 0.68046875 0.55703125 0.0578125 0.17109375
1 0.6453125 0.81953125 0.08359375 0.20390625
1 0.83046875 0.95234375 0.06875 0.08203125
1 0.76484375 0.78125 0.07734375 0.259375
1 0.70390625 0.81796875 0.07890625 0.325
0 0.53359375 0.56015625 0.0453125 0.13125
0 0.515625 0.40390625 0.046875 0.06875
0 0.2953125 0.4890625 0.046875 0.04296875
0 0.284375 0.53046875 0.0578125 0.059375
0 0.69609375 0.96171875 0.0421875 0.0765625