1 0.25234375 0.06796875 0.0375 0.1359375
1 0.51171875 0.06015625 0.034375 0.11953125
1 0.0375 0.57421875 0.075 0.2484375
1 0.31953125 0.46328125 0.0609375 0.18046875
1 0.25078125 0.45625 0.03984375 0.14765625
1 0.875 0.36796875 0.0515625 0.2203125
1 0.628125 0.509375 0.05625 0.27265625
1 0.678125 0.415625 0.03359375 0.125
1 0.74765625 0.53671875 0.0484375 0.17734375
1 0.640625 0.89609375 0.046875 0.2078125
1 0.66015625 0.69140625 0.04375 0.190625
1 0.70234375 0.81953125 0.0546875 0.315625
1 0.76484375 0.78984375 0.05625 0.21640625
1 0.81875 0.96328125 0.04609375 0.0734375
1 0.803125 0.8671875 0.046875 0.128125
0 0.8359375 0.40546875 0.0484375 0.13828125
0 0.04296875 0.56328125 0.04140625 0.07890625
0 0.696875 0.93984375 0.0421875 0.11953125
0 0.76796875 0.66015625 0.046875 0.1015625
0 0.66328125 0.55703125 0.02265625 0.08515625