1 0.92265625 0.71015625 0.0234375 0.07421875
1 0.959375 0.696875 0.02890625 0.06953125
1 0.92734375 0.6421875 0.01953125 0.0578125
1 0.94140625 0.6375 0.0171875 0.06484375
1 0.9328125 0.5796875 0.0140625 0.05
1 0.815625 0.6859375 0.02109375 0.0890625
1 0.5828125 0.6875 0.02734375 0.08515625
1 0.58203125 0.58203125 0.01640625 0.05859375
1 0.753125 0.57421875 0.01953125 0.0546875
1 0.7171875 0.53203125 0.01875 0.0375
1 0.56796875 0.575 0.01484375 0.0515625
1 0.528125 0.5953125 0.015625 0.0578125
1 0.4953125 0.8515625 0.0421875 0.12265625
1 0.33359375 0.703125 0.01640625 0.08203125
1 0.37109375 0.69453125 0.01796875 0.08046875
1 0.390625 0.6890625 0.01796875 0.07421875
1 0.4109375 0.70078125 0.0171875 0.08828125
1 0.4203125 0.6875 0.02109375 0.0796875
1 0.33828125 0.625 0.01796875 0.05546875
1 0.32578125 0.6375 0.01171875 0.0421875
1 0.33203125 0.61328125 0.015625 0.05703125
1 0.26953125 0.6359375 0.01484375 0.04765625
1 0.24609375 0.6390625 0.0171875 0.05234375
1 0.5515625 0.946875 0.0421875 0.0984375
1 0.1953125 0.8734375 0.03828125 0.1171875
1 0.16328125 0.846875 0.03125 0.12734375
1 0.13359375 0.86875 0.02734375 0.1125
1 0.06640625 0.68359375 0.0140625 0.06796875
1 0.19375 0.66484375 0.02578125 0.0671875
1 0.0234375 0.709375 0.01640625 0.07421875
1 0.04140625 0.69453125 0.01875 0.09140625
1 0.009375 0.68046875 0.01875 0.09296875
0 0.4921875 0.86796875 0.04609375 0.046875
0 0.5796875 0.57578125 0.0078125 0.01953125
0 0.81015625 0.68984375 0.0109375 0.0265625
0 0.91953125 0.7140625 0.01015625 0.02421875