1 0.5890625 0.05625 0.05546875 0.1125
1 0.65625 0.17421875 0.0578125 0.2
1 0.7375 0.425 0.03828125 0.11171875
1 0.67890625 0.47421875 0.046875 0.18359375
1 0.9578125 0.5828125 0.0625 0.2625
1 0.26640625 0.3578125 0.046875 0.2
1 0.3671875 0.5109375 0.046875 0.25625
1 0.321875 0.42890625 0.03984375 0.1578125
1 0.2515625 0.56953125 0.07734375 0.17109375
1 0.34140625 0.6765625 0.053125 0.1546875
1 0.36328125 0.88515625 0.0609375 0.2296875
1 0.23671875 0.76875 0.0578125 0.1609375
1 0.296875 0.8125 0.059375 0.30234375
1 0.3171875 0.53671875 0.04140625 0.1578125
1 0.19921875 0.8765625 0.0546875 0.08828125
1 0.25625 0.96875 0.06875 0.04921875
1 0.18125 0.96171875 0.0625 0.0765625
0 0.68828125 0.221875 0.03671875 0.065625
0 0.71640625 0.484375 0.04375 0.059375
0 0.7171875 0.52734375 0.0484375 0.065625
0 0.3046875 0.37578125 0.04375 0.0984375
0 0.30078125 0.965625 0.0453125 0.06875