1 0.76328125 0.0296875 0.0453125 0.059375
1 0.49140625 0.06015625 0.034375 0.11953125
1 0.6828125 0.46328125 0.0625 0.17421875
1 0.74765625 0.4453125 0.03984375 0.1578125
1 0.95859375 0.575 0.07578125 0.27265625
1 0.38125 0.49765625 0.0671875 0.2828125
1 0.028125 0.29921875 0.05625 0.2296875
1 0.321875 0.4171875 0.0453125 0.121875
1 0.253125 0.53046875 0.059375 0.1640625
1 0.3078125 0.53828125 0.04140625 0.1546875
1 0.346875 0.69453125 0.0453125 0.17109375
1 0.35859375 0.8984375 0.0609375 0.190625
1 0.1875 0.96875 0.06875 0.0625
1 0.24296875 0.78828125 0.0671875 0.23984375
1 0.29296875 0.82578125 0.0578125 0.2890625
1 0.18984375 0.875 0.0609375 0.0921875