1 0.440625 0.053125 0.05 0.10546875
1 0.034375 0.58125 0.065625 0.23984375
1 0.25234375 0.4484375 0.0515625 0.125
1 0.31875 0.46796875 0.0625 0.23671875
1 0.7796875 0.36328125 0.0484375 0.2296875
1 0.67421875 0.43671875 0.04375 0.18046875
1 0.625 0.48125 0.05 0.26953125
1 0.65859375 0.68984375 0.04140625 0.1609375
1 0.6390625 0.9 0.0625 0.1875
1 0.76640625 0.78984375 0.0625 0.2296875
1 0.7046875 0.8078125 0.059375 0.29921875
1 0.74375 0.5734375 0.05625 0.13828125
1 0.6890625 0.52578125 0.03203125 0.121875
1 0.8046875 0.88828125 0.07109375 0.11171875
1 0.74921875 0.965625 0.0484375 0.05546875
1 0.8109375 0.9515625 0.08203125 0.096875
1 0.30078125 0.1234375 0.0453125 0.21640625
0 0.275 0.1671875 0.03359375 0.06875
0 0.31328125 0.14765625 0.03671875 0.05546875
0 0.284375 0.4875 0.0453125 0.071875
0 0.2796875 0.52890625 0.0578125 0.07578125
0 0.74140625 0.3921875 0.03984375 0.11796875
0 0.70078125 0.95078125 0.0515625 0.0984375
0 0.66015625 0.5734375 0.01953125 0.11171875