1 0.9578125 0.56953125 0.06875 0.25625
1 0.74296875 0.4125 0.03671875 0.08515625
1 0.678125 0.46484375 0.0546875 0.17734375
1 0.38515625 0.49453125 0.065625 0.2890625
1 0.31484375 0.40390625 0.0546875 0.20703125
1 0.25546875 0.53203125 0.07890625 0.1671875
1 0.35703125 0.88515625 0.0671875 0.2296875
1 0.296875 0.80625 0.053125 0.2953125
1 0.2390625 0.7796875 0.04140625 0.21015625
0 0.7171875 0.47109375 0.0546875 0.04609375
0 0.7140625 0.52578125 0.0609375 0.06875
0 0.33046875 0.5421875 0.05625 0.11484375
0 0.9546875 0.55859375 0.03046875 0.08828125
1 0.1953125 0.878125 0.046875 0.10546875
1 0.184375 0.95859375 0.06875 0.0625
1 0.25 0.9703125 0.046875 0.059375