1 0.43359375 0.80390625 0.03671875 0.1296875
1 0.33515625 0.69921875 0.01953125 0.08203125
1 0.3703125 0.69375 0.01953125 0.07734375
1 0.3875 0.68828125 0.01796875 0.0828125
1 0.41171875 0.696875 0.015625 0.0859375
1 0.4203125 0.68828125 0.01640625 0.09765625
1 0.33828125 0.628125 0.0140625 0.06328125
1 0.32578125 0.6265625 0.015625 0.06875
1 0.2703125 0.64140625 0.015625 0.053125
1 0.24609375 0.63828125 0.0140625 0.06328125
1 0.6671875 0.56953125 0.01640625 0.0546875
1 0.65234375 0.565625 0.01875 0.06484375
1 0.75703125 0.59140625 0.01796875 0.06015625
1 0.77421875 0.5984375 0.02265625 0.07109375
1 0.7109375 0.5390625 0.02109375 0.046875
1 0.6890625 0.540625 0.01640625 0.0421875
0 0.42578125 0.80234375 0.01640625 0.05234375
1 0.5171875 0.7421875 0.021875 0.09453125
1 0.509375 0.72578125 0.0265625 0.08671875
1 0.53515625 0.74765625 0.01640625 0.08359375
1 0.18671875 0.75234375 0.0296875 0.09453125
1 0.20078125 0.74296875 0.025 0.103125
1 0.16875 0.65234375 0.015625 0.0734375
1 0.0953125 0.92734375 0.040625 0.1453125