0 0.6953125 0.89140625 0.08671875 0.14453125
0 0.71328125 0.490625 0.046875 0.065625
0 0.71640625 0.53984375 0.05625 0.08515625
0 0.2671875 0.34296875 0.0515625 0.11171875
0 0.22578125 0.59765625 0.053125 0.14140625
1 0.6375 0.1671875 0.0625 0.24609375
1 0.93984375 0.49609375 0.07109375 0.24609375
1 0.30234375 0.228125 0.0671875 0.27578125
1 0.240625 0.2234375 0.05625 0.27265625
1 0.303125 0.47109375 0.053125 0.1640625
1 0.24375 0.4890625 0.0625 0.24609375
1 0.35 0.70078125 0.05625 0.17109375
1 0.3765625 0.88828125 0.0484375 0.2234375
1 0.29453125 0.8109375 0.0578125 0.31171875
1 0.24296875 0.7796875 0.03359375 0.21640625
1 0.19296875 0.92109375 0.0640625 0.1578125