1 0.559375 0.053125 0.05 0.10546875
1 0.965625 0.58125 0.065625 0.23984375
1 0.74765625 0.4484375 0.0515625 0.125
1 0.68125 0.46796875 0.0625 0.23671875
1 0.2203125 0.36328125 0.0484375 0.2296875
1 0.32578125 0.43671875 0.04375 0.18046875
1 0.375 0.48125 0.05 0.26953125
1 0.34140625 0.68984375 0.04140625 0.1609375
1 0.3609375 0.9 0.0625 0.1875
1 0.23359375 0.78984375 0.0625 0.2296875
1 0.2953125 0.8078125 0.059375 0.29921875
1 0.25625 0.5734375 0.05625 0.13828125
1 0.3109375 0.52578125 0.03203125 0.121875
1 0.1953125 0.88828125 0.07109375 0.11171875
1 0.25078125 0.965625 0.0484375 0.05546875
1 0.1890625 0.9515625 0.08203125 0.096875
1 0.69921875 0.1234375 0.0453125 0.21640625
0 0.725 0.1671875 0.03359375 0.06875
0 0.68671875 0.14765625 0.03671875 0.05546875
0 0.715625 0.4875 0.0453125 0.071875
0 0.7203125 0.52890625 0.0578125 0.07578125
0 0.25859375 0.3921875 0.03984375 0.11796875
0 0.29921875 0.95078125 0.0515625 0.0984375
0 0.33984375 0.5734375 0.01953125 0.11171875