1 0.58359375 0.7375 0.03671875 0.18046875
1 0.665625 0.49921875 0.02421875 0.14453125
1 0.8796875 0.6453125 0.03359375 0.17421875
1 0.93046875 0.6125 0.03828125 0.20703125
1 0.9515625 0.8078125 0.03671875 0.11796875
1 0.628125 0.73203125 0.03828125 0.20390625
1 0.60078125 0.4796875 0.03828125 0.14453125
1 0.3484375 0.52578125 0.03828125 0.1640625
1 0.39375 0.62734375 0.03046875 0.13125
1 0.446875 0.546875 0.02734375 0.14140625
1 0.40859375 0.5171875 0.02109375 0.14140625
1 0.315625 0.4515625 0.02890625 0.1546875
1 0.2921875 0.4515625 0.03046875 0.1546875