1 0.38984375 0.9390625 0.0609375 0.121875
1 0.1796875 0.9109375 0.065625 0.178125
1 0.2859375 0.53828125 0.02109375 0.13828125
1 0.38671875 0.46640625 0.03515625 0.13828125
1 0.42265625 0.4515625 0.03359375 0.14765625
1 0.6765625 0.71953125 0.0578125 0.20390625
1 0.98046875 0.87578125 0.03828125 0.20234375
1 0.95625 0.41015625 0.02109375 0.11171875
1 0.9375 0.421875 0.02734375 0.10859375
0 0.2703125 0.58984375 0.03046875 0.08203125
0 0.29921875 0.5734375 0.02421875 0.04921875
0 0.978125 0.91328125 0.02578125 0.05234375