0 0.4140625 0.74140625 0.02265625 0.034375
0 0.76171875 0.63203125 0.0109375 0.01875
1 0.94140625 0.64609375 0.01796875 0.0703125
1 0.92265625 0.628125 0.01796875 0.07734375
1 0.94453125 0.58125 0.0140625 0.04609375
1 0.93203125 0.57734375 0.01640625 0.04296875
1 0.92265625 0.56953125 0.015625 0.04453125
1 0.86171875 0.55625 0.015625 0.0515625
1 0.8828125 0.53828125 0.01328125 0.046875
1 0.8703125 0.5484375 0.01328125 0.0609375
1 0.8296875 0.61796875 0.0171875 0.059375
1 0.815625 0.615625 0.01484375 0.0609375
1 0.80390625 0.6171875 0.0234375 0.06015625
1 0.80390625 0.58984375 0.01875 0.05234375
1 0.78203125 0.5859375 0.0171875 0.0609375
1 0.81953125 0.803125 0.0390625 0.12265625
1 0.7890625 0.790625 0.034375 0.11875
1 0.74375 0.79453125 0.01875 0.0984375
1 0.72734375 0.82265625 0.0296875 0.07421875
1 0.71171875 0.790625 0.0265625 0.08671875
1 0.728125 0.7765625 0.028125 0.10859375
1 0.62734375 0.63125 0.01953125 0.06953125
1 0.6875 0.5609375 0.0140625 0.06171875
1 0.65703125 0.55546875 0.01875 0.04765625
1 0.7578125 0.634375 0.01875 0.06328125
1 0.6734375 0.55078125 0.00546875 0.046875
1 0.43515625 0.71796875 0.02734375 0.08125
1 0.37578125 0.69765625 0.021875 0.084375
1 0.38828125 0.69375 0.01953125 0.078125
1 0.41015625 0.690625 0.01640625 0.071875
1 0.42578125 0.69296875 0.02734375 0.08671875
1 0.4359375 0.634375 0.01328125 0.04453125
1 0.4640625 0.615625 0.01875 0.06484375
0 0.46640625 0.60625 0.01328125 0.021875
1 0.56796875 0.5828125 0.0140625 0.0609375
0 0.5640625 0.5921875 0.00859375 0.01484375
1 0.58359375 0.59765625 0.01328125 0.03359375
1 0.56015625 0.57890625 0.0109375 0.0546875