1 0.990625 0.884375 0.01875 0.196875
1 0.95625 0.61875 0.03046875 0.1609375
1 0.6578125 0.62578125 0.03359375 0.1671875
1 0.73046875 0.51875 0.03203125 0.17734375
1 0.57734375 0.7125 0.03046875 0.18359375
1 0.6125 0.69140625 0.03671875 0.19375
1 0.43203125 0.62734375 0.03515625 0.1640625
1 0.47109375 0.5203125 0.03046875 0.1546875
1 0.3765625 0.5515625 0.03046875 0.14453125
1 0.28359375 0.484375 0.01953125 0.17421875
1 0.34765625 0.453125 0.02734375 0.15078125
1 0.3703125 0.44140625 0.02890625 0.121875
0 0.946875 0.721875 0.04140625 0.07421875