1 0.759375 0.021875 0.05234375 0.04375
1 0.77265625 0.1578125 0.059375 0.2265625
1 0.8703125 0.43203125 0.08984375 0.24921875
1 0.47109375 0.0796875 0.05859375 0.15859375
1 0.67890625 0.4546875 0.059375 0.190625
1 0.728125 0.43515625 0.03671875 0.11796875
1 0.47421875 0.82421875 0.07265625 0.33203125
1 0.24765625 0.446875 0.0640625 0.19375
1 0.30234375 0.46015625 0.0515625 0.18046875
0 0.46015625 0.165625 0.03984375 0.0984375
0 0.7921875 0.0296875 0.034375 0.059375
0 0.71640625 0.52109375 0.0421875 0.06171875
0 0.7109375 0.484375 0.0484375 0.059375
1 0.38984375 0.81796875 0.053125 0.2921875
0 0.40625 0.89140625 0.02890625 0.10546875
1 0.2125 0.89140625 0.07890625 0.1640625
1 0.28671875 0.8984375 0.053125 0.18359375
1 0.23984375 0.75234375 0.0546875 0.1015625
1 0.35234375 0.55 0.0578125 0.07890625
1 0.2609375 0.63203125 0.05 0.17109375
1 0.325 0.72421875 0.0578125 0.14453125