1 0.41640625 0.7375 0.03671875 0.18046875
1 0.334375 0.49921875 0.02421875 0.14453125
1 0.1203125 0.6453125 0.03359375 0.17421875
1 0.06953125 0.6125 0.03828125 0.20703125
1 0.0484375 0.8078125 0.03671875 0.11796875
1 0.371875 0.73203125 0.03828125 0.20390625
1 0.39921875 0.4796875 0.03828125 0.14453125
1 0.6515625 0.52578125 0.03828125 0.1640625
1 0.60625 0.62734375 0.03046875 0.13125
1 0.553125 0.546875 0.02734375 0.14140625
1 0.59140625 0.5171875 0.02109375 0.14140625
1 0.684375 0.4515625 0.02890625 0.1546875
1 0.7078125 0.4515625 0.03046875 0.1546875