1 0.3203125 0.61484375 0.0171875 0.0625
1 0.28671875 0.63046875 0.02890625 0.084375
1 0.13515625 0.58125 0.0203125 0.04921875
1 0.09296875 0.59140625 0.0171875 0.05390625
1 0.115625 0.5921875 0.02109375 0.0625
1 0.35 0.77734375 0.03203125 0.10546875
1 0.53046875 0.85859375 0.0234375 0.12109375
1 0.5390625 0.834375 0.01796875 0.1203125
1 0.5578125 0.83359375 0.03125 0.11328125
1 0.590625 0.69453125 0.01796875 0.08828125
1 0.5765625 0.68984375 0.0203125 0.08828125
1 0.6328125 0.70078125 0.01015625 0.084375
1 0.6125 0.690625 0.01640625 0.08359375
1 0.62421875 0.68828125 0.015625 0.075
1 0.66015625 0.6875 0.01953125 0.08515625
1 0.52109375 0.68515625 0.01953125 0.078125
1 0.34375 0.5609375 0.01640625 0.06015625
1 0.403125 0.58203125 0.0203125 0.05859375
1 0.42265625 0.57734375 0.0171875 0.06171875
1 0.41640625 0.57578125 0.0140625 0.065625
1 0.72734375 0.68203125 0.021875 0.09375
1 0.73828125 0.6828125 0.0234375 0.0984375
1 0.684375 0.64453125 0.0140625 0.06953125
1 0.72890625 0.63203125 0.0171875 0.03671875
1 0.75546875 0.6359375 0.01796875 0.05390625
1 0.7078125 0.8359375 0.0328125 0.11171875
0 0.70703125 0.8234375 0.01796875 0.03984375
0 0.334375 0.63671875 0.01953125 0.0390625
0 0.51171875 0.63984375 0.015625 0.02578125
1 0.5171875 0.621875 0.02421875 0.06640625
0 0.284375 0.6515625 0.01328125 0.03125