0 0.1921875 0.553125 0.009375 0.01953125
1 0.13359375 0.5484375 0.0125 0.04140625
1 0.30078125 0.59765625 0.01953125 0.0546875
1 0.3453125 0.56328125 0.01484375 0.05234375
1 0.184375 0.540625 0.0125 0.04296875
1 0.04765625 0.6234375 0.01875 0.05703125
1 0.01484375 0.60625 0.0171875 0.0609375
1 0.37421875 0.67890625 0.02734375 0.0828125
1 0.01640625 0.70859375 0.0328125 0.08984375
0 0.36875 0.7015625 0.00859375 0.028125
0 0.42109375 0.5828125 0.00859375 0.02109375
1 0.4109375 0.58984375 0.01796875 0.075
1 0.44375 0.5859375 0.01875 0.05703125
1 0.62421875 0.7015625 0.0109375 0.0828125
1 0.5890625 0.69921875 0.021875 0.08046875
1 0.575 0.690625 0.01953125 0.078125
1 0.5265625 0.62421875 0.02109375 0.06640625
1 0.73046875 0.640625 0.015625 0.04765625
1 0.75390625 0.63984375 0.0171875 0.05625
1 0.82421875 0.6578125 0.01796875 0.0734375
1 0.9015625 0.78984375 0.02734375 0.0984375
1 0.98046875 0.7234375 0.01953125 0.0765625
1 0.928125 0.68359375 0.01640625 0.08359375
1 0.965625 0.7109375 0.01875 0.07578125
1 0.94609375 0.69453125 0.015625 0.07890625