1 0.03671875 0.5765625 0.06953125 0.2828125
1 0.61328125 0.50078125 0.053125 0.2828125
1 0.6703125 0.41015625 0.0671875 0.1671875
1 0.31875 0.46328125 0.05 0.2265625
1 0.25078125 0.4234375 0.03359375 0.11484375
1 0.6984375 0.82265625 0.06875 0.2890625
1 0.64140625 0.909375 0.0609375 0.18046875
1 0.815625 0.95546875 0.053125 0.08828125
1 0.759375 0.53515625 0.06875 0.14140625
0 0.2875 0.4765625 0.0578125 0.0625
0 0.28671875 0.53203125 0.0625 0.04921875
0 0.6671875 0.5515625 0.0453125 0.1015625
1 0.75546875 0.775 0.03984375 0.20703125
1 0.75390625 0.95390625 0.0515625 0.071875
1 0.80625 0.8734375 0.07109375 0.0953125