0 0.5515625 0.39609375 0.01484375 0.04921875
0 0.571875 0.415625 0.0140625 0.05546875
0 0.24140625 0.88984375 0.0421875 0.0984375
0 0.396875 0.8421875 0.02421875 0.1015625
0 0.20078125 0.678125 0.03671875 0.0625
1 0.43046875 0.79296875 0.02421875 0.1609375
1 0.23359375 0.609375 0.04375 0.17421875
1 0.0296875 0.65 0.02890625 0.10546875
1 0.59921875 0.37109375 0.03828125 0.15078125
1 0.56015625 0.33984375 0.02890625 0.134375
1 0.76171875 0.43203125 0.03359375 0.1671875
1 0.709375 0.43515625 0.03046875 0.134375