0 0.8125 0.1296875 0.02265625 0.04609375
0 0.37265625 0.8671875 0.0640625 0.1546875
0 0.28671875 0.484375 0.05 0.065625
0 0.290625 0.53671875 0.0484375 0.065625
1 0.0515625 0.584375 0.07265625 0.2859375
1 0.271875 0.4234375 0.03671875 0.08828125
1 0.321875 0.4515625 0.0546875 0.18359375
1 0.421875 0.76875 0.08671875 0.2265625
1 0.834375 0.096875 0.07265625 0.19296875
1 0.64609375 0.36953125 0.0578125 0.17734375
1 0.6375 0.49921875 0.059375 0.265625
1 0.709375 0.43359375 0.0484375 0.1609375
1 0.74375 0.5125 0.05625 0.20703125
1 0.68828125 0.5234375 0.0578125 0.1578125
1 0.65625 0.7109375 0.06953125 0.27578125
1 0.70859375 0.78671875 0.05 0.3484375
1 0.75078125 0.79453125 0.0671875 0.27890625
1 0.63359375 0.89609375 0.0515625 0.2078125
0 0.703125 0.965625 0.04140625 0.06875
1 0.39453125 0.06015625 0.06171875 0.11953125