0 0.88046875 0.3921875 0.046875 0.11171875
0 0.28984375 0.47421875 0.059375 0.071875
0 0.28671875 0.53046875 0.053125 0.071875
0 0.271875 0.0625 0.03984375 0.0625
0 0.2359375 0.0625 0.02109375 0.0625
0 0.03984375 0.56015625 0.03359375 0.07890625
0 0.66484375 0.53828125 0.02265625 0.11484375
1 0.2484375 0.04921875 0.040625 0.0984375
1 0.24765625 0.46953125 0.0484375 0.1875
1 0.31875 0.46328125 0.05625 0.2203125
1 0.0390625 0.5796875 0.065625 0.26953125
1 0.91953125 0.33984375 0.0671875 0.21015625
1 0.6328125 0.5140625 0.059375 0.2625
1 0.67890625 0.42890625 0.059375 0.190625
1 0.74765625 0.5453125 0.0609375 0.1875
0 0.77890625 0.671875 0.05625 0.13828125
1 0.64765625 0.9046875 0.08828125 0.190625
1 0.66015625 0.675 0.059375 0.15078125
1 0.71171875 0.79609375 0.06875 0.30859375
1 0.81953125 0.965625 0.0625 0.0625
1 0.76328125 0.82890625 0.0609375 0.15078125
1 0.8078125 0.91484375 0.059375 0.13828125