0 0.4484375 0.39609375 0.01484375 0.04921875
0 0.428125 0.415625 0.0140625 0.05546875
0 0.75859375 0.88984375 0.0421875 0.0984375
0 0.603125 0.8421875 0.02421875 0.1015625
0 0.79921875 0.678125 0.03671875 0.0625
1 0.56953125 0.79296875 0.02421875 0.1609375
1 0.76640625 0.609375 0.04375 0.17421875
1 0.9703125 0.65 0.02890625 0.10546875
1 0.40078125 0.37109375 0.03828125 0.15078125
1 0.43984375 0.33984375 0.02890625 0.134375
1 0.23828125 0.43203125 0.03359375 0.1671875
1 0.290625 0.43515625 0.03046875 0.134375