0 0.71484375 0.48125 0.059375 0.065625
0 0.71484375 0.52890625 0.046875 0.04296875
0 0.234375 0.225 0.0484375 0.10546875
0 0.32890625 0.9421875 0.04375 0.1015625
0 0.52265625 0.7359375 0.07890625 0.1875
0 0.22734375 0.60078125 0.04140625 0.128125
1 0.2046875 0.11875 0.05859375 0.23671875
1 0.259375 0.128125 0.05625 0.253125
1 0.7234375 0.25625 0.07578125 0.2265625
1 0.73828125 0.4203125 0.0421875 0.1015625
1 0.68046875 0.46171875 0.053125 0.18359375
1 0.94296875 0.50546875 0.08359375 0.2859375
1 0.25625 0.46328125 0.05625 0.2
1 0.30546875 0.46328125 0.0421875 0.1671875
1 0.34921875 0.5875 0.0640625 0.14765625
1 0.4921875 0.59921875 0.0640625 0.20390625
1 0.37109375 0.82265625 0.0453125 0.2953125
1 0.41484375 0.85859375 0.0640625 0.2828125
1 0.23984375 0.76171875 0.0578125 0.2265625
1 0.31328125 0.78359375 0.0609375 0.30234375