0 0.97578125 0.3203125 0.03359375 0.11796875
0 0.66171875 0.55859375 0.03515625 0.11484375
0 0.29296875 0.4875 0.0515625 0.05234375
0 0.290625 0.53046875 0.0609375 0.04609375
1 0.0375 0.578125 0.06875 0.2859375
1 0.603125 0.484375 0.0640625 0.2828125
1 0.68203125 0.40859375 0.0453125 0.1578125
1 0.99453125 0.2609375 0.0109375 0.24609375
1 0.75234375 0.53046875 0.0578125 0.1640625
1 0.6484375 0.90546875 0.0734375 0.18828125
1 0.70078125 0.809375 0.0546875 0.2828125
1 0.7625 0.75390625 0.04375 0.15078125
1 0.65078125 0.69453125 0.0453125 0.13828125
1 0.8109375 0.88828125 0.065625 0.11171875
1 0.809375 0.9625 0.07421875 0.0625