1 0.240625 0.01875 0.03203125 0.03671875
1 0.0421875 0.57109375 0.0640625 0.27890625
1 0.31953125 0.4546875 0.0609375 0.20390625
1 0.25234375 0.453125 0.03671875 0.18046875
1 0.98125 0.28125 0.0375 0.22734375
1 0.61875 0.47421875 0.0640625 0.30234375
1 0.68984375 0.43046875 0.03359375 0.21328125
1 0.7484375 0.553125 0.059375 0.18359375
1 0.65 0.88828125 0.07421875 0.2234375
1 0.75859375 0.7765625 0.0453125 0.196875
1 0.7046875 0.81640625 0.0625 0.2890625
1 0.66015625 0.675 0.04140625 0.17109375
0 0.94140625 0.35625 0.04375 0.11796875
0 0.22265625 0.0078125 0.0390625 0.015625
0 0.26015625 0.01484375 0.02890625 0.0296875
0 0.2875 0.46328125 0.0515625 0.08203125
0 0.28671875 0.521875 0.046875 0.06875
0 0.65859375 0.54375 0.02578125 0.11796875
1 0.8078125 0.8765625 0.065625 0.10859375
1 0.81328125 0.965625 0.07578125 0.05546875