0 0.89921875 0.00234375 0.0390625 0.0046875
0 0.9953125 0.31875 0.009375 0.10625
0 0.69140625 0.23671875 0.06953125 0.1609375
0 0.64296875 0.89140625 0.0421875 0.13828125
0 0.28984375 0.4875 0.046875 0.065625
0 0.2890625 0.52890625 0.0421875 0.06875
0 0.7734375 0.55859375 0.03984375 0.08828125
1 0.21875 0.21875 0.0546875 0.2234375
1 0.13125 0.6796875 0.06875 0.2921875
1 0.2703125 0.43046875 0.03984375 0.121875
1 0.32109375 0.4578125 0.04375 0.196875
1 0.603125 0.7734375 0.0515625 0.321875
1 0.57265625 0.8453125 0.0640625 0.30859375
1 0.996875 0.19765625 0.00625 0.2578125
1 0.7203125 0.17265625 0.0484375 0.2625
1 0.7515625 0.43515625 0.059375 0.17734375
1 0.70234375 0.44296875 0.03671875 0.14765625
1 0.775 0.66796875 0.03671875 0.1640625
1 0.6640625 0.5546875 0.0421875 0.0953125
1 0.66875 0.75546875 0.0515625 0.27265625
1 0.7578125 0.84375 0.06875 0.1609375