0 0.71328125 0.4796875 0.04375 0.08828125
0 0.7140625 0.53203125 0.0578125 0.0625
0 0.6265625 0.81953125 0.09296875 0.2234375
0 0.25390625 0.27890625 0.0578125 0.121875
0 0.22421875 0.59921875 0.05 0.1640625
1 0.93984375 0.50078125 0.07109375 0.24921875
1 0.6796875 0.20859375 0.07265625 0.23671875
1 0.28359375 0.1890625 0.0625 0.24296875
1 0.2203125 0.1640625 0.0453125 0.2265625
1 0.56796875 0.734375 0.07421875 0.2890625
1 0.68671875 0.4515625 0.0578125 0.21640625
1 0.734375 0.43984375 0.0515625 0.1671875
1 0.30234375 0.47421875 0.0421875 0.13125
1 0.24609375 0.47421875 0.0609375 0.27578125
1 0.4015625 0.890625 0.06953125 0.21875
1 0.34140625 0.85390625 0.05 0.2921875
1 0.340625 0.66171875 0.0546875 0.1640625
1 0.3015625 0.79296875 0.04375 0.36796875
1 0.23671875 0.7765625 0.0640625 0.1640625
1 0.28046875 0.58125 0.053125 0.20703125