0 0.11953125 0.3921875 0.046875 0.11171875
0 0.71015625 0.47421875 0.059375 0.071875
0 0.71328125 0.53046875 0.053125 0.071875
0 0.728125 0.0625 0.03984375 0.0625
0 0.7640625 0.0625 0.02109375 0.0625
0 0.96015625 0.56015625 0.03359375 0.07890625
0 0.33515625 0.53828125 0.02265625 0.11484375
1 0.7515625 0.04921875 0.040625 0.0984375
1 0.75234375 0.46953125 0.0484375 0.1875
1 0.68125 0.46328125 0.05625 0.2203125
1 0.9609375 0.5796875 0.065625 0.26953125
1 0.08046875 0.33984375 0.0671875 0.21015625
1 0.3671875 0.5140625 0.059375 0.2625
1 0.32109375 0.42890625 0.059375 0.190625
1 0.25234375 0.5453125 0.0609375 0.1875
0 0.22109375 0.671875 0.05625 0.13828125
1 0.35234375 0.9046875 0.08828125 0.190625
1 0.33984375 0.675 0.059375 0.15078125
1 0.28828125 0.79609375 0.06875 0.30859375
1 0.18046875 0.965625 0.0625 0.0625
1 0.23671875 0.82890625 0.0609375 0.15078125
1 0.1921875 0.91484375 0.059375 0.13828125