1 0.540625 0.78671875 0.02890625 0.10546875
1 0.56171875 0.78359375 0.02578125 0.09921875
1 0.56796875 0.746875 0.01796875 0.07265625
1 0.628125 0.69375 0.01796875 0.0828125
1 0.665625 0.70078125 0.01953125 0.0765625
1 0.61328125 0.6921875 0.01328125 0.08125
1 0.5921875 0.69765625 0.02109375 0.09140625
1 0.578125 0.68828125 0.015625 0.08984375
1 0.45078125 0.76171875 0.03125 0.1078125
1 0.6609375 0.62734375 0.01484375 0.05546875
1 0.6671875 0.64140625 0.01484375 0.05
1 0.66171875 0.61171875 0.01796875 0.05546875
0 0.44296875 0.76484375 0.0203125 0.03984375
1 0.2890625 0.56171875 0.01328125 0.0453125
1 0.29765625 0.55859375 0.0140625 0.04609375
1 0.3046875 0.5484375 0.01875 0.04609375
1 0.32890625 0.54765625 0.01875 0.0484375
1 0.340625 0.54453125 0.0171875 0.046875
1 0.21015625 0.7640625 0.0328125 0.1
1 0.13984375 0.65234375 0.01875 0.059375
1 0.1390625 0.603125 0.0203125 0.0515625
1 0.06796875 0.6375 0.01953125 0.0421875
1 0.03203125 0.61484375 0.01484375 0.05078125
1 0.05859375 0.596875 0.01328125 0.04453125
1 0.08046875 0.5921875 0.0140625 0.05234375
1 0.0703125 0.5859375 0.0109375 0.0546875
1 0.08828125 0.5625 0.015625 0.04375
1 0.121875 0.56796875 0.0140625 0.0484375
1 0.1265625 0.565625 0.0125 0.05546875
1 0.1859375 0.57578125 0.01171875 0.0625
1 0.1984375 0.5765625 0.01640625 0.0546875
1 0.2125 0.57578125 0.01796875 0.06328125
1 0.77890625 0.765625 0.02890625 0.1078125
1 0.85390625 0.73984375 0.01953125 0.08984375
1 0.86953125 0.74453125 0.02109375 0.08671875
1 0.753125 0.63828125 0.015625 0.053125
1 0.73046875 0.63828125 0.01796875 0.0515625