0 0.2859375 0.6046875 0.01484375 0.021875
1 0.11328125 0.6046875 0.01875 0.0640625
1 0.1015625 0.60546875 0.01171875 0.06328125
1 0.090625 0.6125 0.015625 0.0703125
1 0.06875 0.55390625 0.0140625 0.05078125
1 0.27421875 0.58671875 0.01953125 0.05234375
1 0.3578125 0.57109375 0.01484375 0.05078125
1 0.346875 0.57265625 0.01328125 0.05234375
1 0.30625 0.64140625 0.01875 0.07421875
0 0.3 0.66015625 0.01015625 0.025
1 0.22421875 0.76484375 0.034375 0.09375
1 0.2671875 0.52265625 0.01171875 0.0484375
1 0.421875 0.57421875 0.01328125 0.05859375
1 0.41171875 0.578125 0.01484375 0.06015625
1 0.571875 0.69296875 0.02265625 0.0859375
1 0.58828125 0.69140625 0.02421875 0.07578125
1 0.61328125 0.69609375 0.0140625 0.078125
1 0.63828125 0.65234375 0.03359375 0.07890625
1 0.62890625 0.69609375 0.025 0.09765625
1 0.57890625 0.85703125 0.03203125 0.11953125
1 0.628125 0.871875 0.04921875 0.13515625
1 0.596875 0.83984375 0.03203125 0.109375
1 0.7234375 0.6828125 0.0140625 0.0640625
1 0.77265625 0.7015625 0.0171875 0.0890625
1 0.72890625 0.63203125 0.01875 0.0484375
1 0.75234375 0.63828125 0.01953125 0.05
1 0.81953125 0.66015625 0.021875 0.07578125
1 0.85859375 0.82109375 0.034375 0.10625
0 0.85234375 0.8203125 0.015625 0.034375
0 0.64140625 0.64140625 0.0109375 0.02109375