1 0.23671875 0.0296875 0.0453125 0.059375
1 0.50859375 0.06015625 0.034375 0.11953125
1 0.3171875 0.46328125 0.0625 0.17421875
1 0.25234375 0.4453125 0.03984375 0.1578125
1 0.04140625 0.575 0.07578125 0.27265625
1 0.61875 0.49765625 0.0671875 0.2828125
1 0.971875 0.29921875 0.05625 0.2296875
1 0.678125 0.4171875 0.0453125 0.121875
1 0.746875 0.53046875 0.059375 0.1640625
1 0.6921875 0.53828125 0.04140625 0.1546875
1 0.653125 0.69453125 0.0453125 0.17109375
1 0.64140625 0.8984375 0.0609375 0.190625
1 0.8125 0.96875 0.06875 0.0625
1 0.75703125 0.78828125 0.0671875 0.23984375
1 0.70703125 0.82578125 0.0578125 0.2890625
1 0.81015625 0.875 0.0609375 0.0921875