0 0.45625 0.7390625 0.0453125 0.134375
0 0.6953125 0.95703125 0.04375 0.08515625
0 0.2921875 0.4859375 0.0484375 0.0625
0 0.2859375 0.5234375 0.0453125 0.05234375
0 0.92890625 0.00546875 0.0296875 0.0109375
1 0.3921875 0.0515625 0.065625 0.103125
1 0.0515625 0.5734375 0.08203125 0.27578125
1 0.93984375 0.0296875 0.0578125 0.059375
1 0.496875 0.62890625 0.08203125 0.25625
1 0.64296875 0.33828125 0.0640625 0.10859375
1 0.71484375 0.4125 0.065625 0.125
1 0.63515625 0.4765625 0.0640625 0.2328125
1 0.6359375 0.9015625 0.05 0.196875
1 0.7015625 0.81796875 0.059375 0.2859375
1 0.65 0.6765625 0.053125 0.134375
1 0.74140625 0.546875 0.0609375 0.2234375
1 0.68125 0.5109375 0.04140625 0.14453125
1 0.76484375 0.82578125 0.05625 0.21640625
1 0.81171875 0.965625 0.06953125 0.05546875
1 0.8296875 0.88046875 0.06953125 0.11484375