1 0.49765625 0.72890625 0.02578125 0.090625
1 0.4265625 0.68828125 0.02578125 0.0859375
1 0.41171875 0.6953125 0.021875 0.090625
1 0.3890625 0.6921875 0.01640625 0.0734375
1 0.37890625 0.69140625 0.01640625 0.08046875
1 0.365625 0.696875 0.021875 0.08125
1 0.2734375 0.63515625 0.021875 0.0515625
1 0.2421875 0.6421875 0.015625 0.059375
1 0.23515625 0.8265625 0.03984375 0.10625
1 0.21875 0.684375 0.01796875 0.0796875
1 0.565625 0.58984375 0.01875 0.04921875
1 0.63125 0.5625 0.01875 0.0484375
1 0.65546875 0.56171875 0.015625 0.05
1 0.6859375 0.56328125 0.01328125 0.05703125
0 0.5015625 0.7609375 0.01796875 0.03046875
1 0.84765625 0.803125 0.02890625 0.11171875
1 0.91953125 0.703125 0.02578125 0.08671875
1 0.92734375 0.5859375 0.01953125 0.05625
1 0.96484375 0.5796875 0.01953125 0.04921875
1 0.153125 0.86953125 0.02890625 0.1203125
1 0.05859375 0.71953125 0.01796875 0.10390625
1 0.0171875 0.7078125 0.0203125 0.08046875
1 0.1765625 0.659375 0.015625 0.07109375
1 0.15625 0.86796875 0.02890625 0.140625
1 0.0734375 0.68046875 0.01875 0.08828125