1 0.3171875 0.40078125 0.05 0.14765625
1 0.37109375 0.478125 0.0453125 0.2890625
1 0.246875 0.5421875 0.05625 0.14140625
1 0.30703125 0.5484375 0.0546875 0.121875
1 0.96640625 0.56796875 0.0671875 0.31875
0 0.39296875 0.43046875 0.02890625 0.0625
0 0.7125 0.48125 0.0578125 0.071875
1 0.68984375 0.453125 0.07265625 0.20703125
1 0.7484375 0.4140625 0.04140625 0.10859375
0 0.71171875 0.53359375 0.053125 0.08515625
1 0.29453125 0.81796875 0.0640625 0.29921875
1 0.2 0.88203125 0.059375 0.0921875
1 0.23671875 0.82421875 0.0515625 0.1671875
1 0.35078125 0.9109375 0.0640625 0.178125
1 0.3515625 0.76875 0.06875 0.11484375
1 0.34921875 0.66171875 0.0484375 0.10546875
1 0.24375 0.9734375 0.04140625 0.05234375