1 0.38984375 0.053125 0.05234375 0.10546875
1 0.040625 0.56796875 0.07109375 0.265625
1 0.31640625 0.46484375 0.0578125 0.190625
1 0.26953125 0.446875 0.02578125 0.11484375
1 0.50859375 0.2921875 0.05625 0.2203125
1 0.596875 0.40546875 0.0625 0.21015625
1 0.70546875 0.43359375 0.0578125 0.1609375
1 0.6375 0.50234375 0.05 0.23984375
1 0.82421875 0.90625 0.08046875 0.121875
1 0.628125 0.90625 0.03828125 0.17421875
1 0.64609375 0.79296875 0.0609375 0.1640625
1 0.7046875 0.78984375 0.059375 0.27578125
1 0.76015625 0.78125 0.0578125 0.2328125
1 0.75 0.53828125 0.07734375 0.1875
0 0.69609375 0.94921875 0.0609375 0.1015625
0 0.4625 0.36953125 0.05 0.11171875
0 0.5640625 0.49609375 0.0421875 0.1609375
0 0.28984375 0.4875 0.059375 0.059375
0 0.28125 0.53046875 0.07265625 0.059375