1 0.60859375 0.05390625 0.0578125 0.1078125
1 0.95390625 0.56484375 0.065625 0.27265625
1 0.7359375 0.41875 0.0421875 0.125
1 0.678125 0.47265625 0.0578125 0.19375
1 0.44296875 0.3171875 0.06875 0.18359375
1 0.42890625 0.47265625 0.07578125 0.2265625
1 0.3671875 0.484375 0.059375 0.24921875
1 0.2921875 0.43203125 0.05625 0.15078125
1 0.2578125 0.5421875 0.07734375 0.21328125
1 0.31953125 0.55703125 0.0578125 0.17109375
1 0.3546875 0.81953125 0.08359375 0.20390625
1 0.16953125 0.95234375 0.06875 0.08203125
1 0.23515625 0.78125 0.07734375 0.259375
1 0.29609375 0.81796875 0.07890625 0.325
0 0.46640625 0.56015625 0.0453125 0.13125
0 0.484375 0.40390625 0.046875 0.06875
0 0.7046875 0.4890625 0.046875 0.04296875
0 0.715625 0.53046875 0.0578125 0.059375
0 0.30390625 0.96171875 0.0421875 0.0765625