1 0.43125 0.70625 0.01953125 0.08359375
1 0.57734375 0.6890625 0.01328125 0.08671875
1 0.58515625 0.69609375 0.02265625 0.09140625
1 0.61015625 0.69140625 0.01953125 0.08203125
1 0.6265625 0.69765625 0.01484375 0.078125
1 0.62421875 0.6875 0.0109375 0.0765625
1 0.4828125 0.59921875 0.02421875 0.0609375
1 0.4234375 0.575 0.015625 0.059375
1 0.4109375 0.57578125 0.01328125 0.0578125
1 0.3953125 0.5734375 0.01953125 0.0578125
1 0.36953125 0.578125 0.01953125 0.06328125
1 0.35625 0.5796875 0.01328125 0.06328125
1 0.34375 0.56171875 0.01640625 0.05234375
1 0.271875 0.5828125 0.02421875 0.05546875
1 0.72734375 0.63671875 0.01796875 0.05859375
1 0.75546875 0.640625 0.0171875 0.06640625
0 0.4265625 0.72578125 0.015625 0.03203125
1 0.06171875 0.65625 0.0296875 0.07421875
1 0.0328125 0.7609375 0.04453125 0.0875
1 0.0609375 0.56953125 0.0203125 0.05703125
1 0.821875 0.6578125 0.015625 0.078125
1 0.95 0.88203125 0.0421875 0.12265625
1 0.93515625 0.8453125 0.028125 0.11484375
1 0.88828125 0.7125 0.025 0.0890625
1 0.97421875 0.775 0.028125 0.09921875
1 0.9265625 0.68671875 0.01796875 0.07578125
1 0.9796875 0.7046875 0.0203125 0.07734375
1 0.94453125 0.6921875 0.015625 0.0796875
1 0.96328125 0.703125 0.009375 0.05546875
1 0.96015625 0.6875 0.0125 0.090625