1 0.253125 0.63359375 0.0328125 0.08046875
1 0.3078125 0.71953125 0.0390625 0.09453125
1 0.57890625 0.68828125 0.02109375 0.0859375
1 0.59140625 0.6875 0.02109375 0.0828125
1 0.66640625 0.70078125 0.01875 0.0828125
1 0.63046875 0.69140625 0.02734375 0.0921875
1 0.61171875 0.6859375 0.01953125 0.08359375
1 0.62578125 0.6328125 0.02421875 0.04609375
1 0.51640625 0.5984375 0.01484375 0.06875
1 0.490625 0.60234375 0.0203125 0.07421875
1 0.15234375 0.83359375 0.03515625 0.0953125
1 0.1203125 0.63671875 0.021875 0.090625
1 0.09140625 0.61328125 0.01875 0.0578125
1 0.0390625 0.6953125 0.0265625 0.0828125
1 0.01875 0.67578125 0.02265625 0.0484375
1 0.95078125 0.88203125 0.0328125 0.1203125
1 0.9375 0.7828125 0.0328125 0.078125
1 0.8109375 0.66640625 0.02265625 0.08125
1 0.72890625 0.63828125 0.01953125 0.059375
1 0.75078125 0.64296875 0.0203125 0.0671875
1 0.984375 0.86875 0.01796875 0.12578125
0 0.7921875 0.67265625 0.01484375 0.05390625
0 0.31484375 0.74375 0.0203125 0.04453125