1 0.009375 0.884375 0.01875 0.196875
1 0.04375 0.61875 0.03046875 0.1609375
1 0.3421875 0.62578125 0.03359375 0.1671875
1 0.26953125 0.51875 0.03203125 0.17734375
1 0.42265625 0.7125 0.03046875 0.18359375
1 0.3875 0.69140625 0.03671875 0.19375
1 0.56796875 0.62734375 0.03515625 0.1640625
1 0.52890625 0.5203125 0.03046875 0.1546875
1 0.6234375 0.5515625 0.03046875 0.14453125
1 0.71640625 0.484375 0.01953125 0.17421875
1 0.65234375 0.453125 0.02734375 0.15078125
1 0.6296875 0.44140625 0.02890625 0.121875
0 0.053125 0.721875 0.04140625 0.07421875