1 0.96328125 0.5765625 0.06953125 0.2828125
1 0.38671875 0.50078125 0.053125 0.2828125
1 0.3296875 0.41015625 0.0671875 0.1671875
1 0.68125 0.46328125 0.05 0.2265625
1 0.74921875 0.4234375 0.03359375 0.11484375
1 0.3015625 0.82265625 0.06875 0.2890625
1 0.35859375 0.909375 0.0609375 0.18046875
1 0.184375 0.95546875 0.053125 0.08828125
1 0.240625 0.53515625 0.06875 0.14140625
0 0.7125 0.4765625 0.0578125 0.0625
0 0.71328125 0.53203125 0.0625 0.04921875
0 0.3328125 0.5515625 0.0453125 0.1015625
1 0.24453125 0.775 0.03984375 0.20703125
1 0.24609375 0.95390625 0.0515625 0.071875
1 0.19375 0.8734375 0.07109375 0.0953125