0 0.671875 0.53828125 0.0421875 0.0953125
0 0.2890625 0.47265625 0.0515625 0.06875
0 0.28515625 0.521875 0.05 0.05546875
1 0.03671875 0.57109375 0.0671875 0.27265625
1 0.61015625 0.46640625 0.07109375 0.2859375
1 0.68671875 0.40078125 0.0609375 0.2265625
1 0.65234375 0.9125 0.0609375 0.175
1 0.659375 0.6828125 0.0515625 0.17421875
1 0.75625 0.53984375 0.05 0.125
1 0.7578125 0.7703125 0.046875 0.18359375
1 0.70625 0.80625 0.0625 0.2890625
1 0.80625 0.88046875 0.0625 0.0953125
1 0.75234375 0.96171875 0.0359375 0.0765625
1 0.81171875 0.95703125 0.0484375 0.05234375
0 0.70234375 0.95703125 0.03984375 0.08515625