0 0.3046875 0.89140625 0.08671875 0.14453125
0 0.28671875 0.490625 0.046875 0.065625
0 0.28359375 0.53984375 0.05625 0.08515625
0 0.7328125 0.34296875 0.0515625 0.11171875
0 0.77421875 0.59765625 0.053125 0.14140625
1 0.3625 0.1671875 0.0625 0.24609375
1 0.06015625 0.49609375 0.07109375 0.24609375
1 0.69765625 0.228125 0.0671875 0.27578125
1 0.759375 0.2234375 0.05625 0.27265625
1 0.696875 0.47109375 0.053125 0.1640625
1 0.75625 0.4890625 0.0625 0.24609375
1 0.65 0.70078125 0.05625 0.17109375
1 0.6234375 0.88828125 0.0484375 0.2234375
1 0.70546875 0.8109375 0.0578125 0.31171875
1 0.75703125 0.7796875 0.03359375 0.21640625
1 0.80703125 0.92109375 0.0640625 0.1578125