1 0.3828125 0.7671875 0.0375 0.1125
1 0.32578125 0.66640625 0.0296875 0.08515625
1 0.13671875 0.65625 0.021875 0.078125
1 0.10625 0.77421875 0.04140625 0.09140625
1 0.26171875 0.56171875 0.01640625 0.05859375
1 0.30859375 0.54296875 0.01875 0.04921875
1 0.66484375 0.703125 0.01484375 0.08203125
1 0.628125 0.69140625 0.0171875 0.07890625
1 0.6109375 0.68984375 0.01796875 0.0703125
1 0.58984375 0.69765625 0.01953125 0.0890625
1 0.57890625 0.69140625 0.021875 0.0828125
1 0.54140625 0.621875 0.02265625 0.06953125
1 0.7296875 0.6390625 0.0171875 0.05703125
1 0.75625 0.640625 0.0140625 0.05390625
1 0.67265625 0.63515625 0.01171875 0.0453125
1 0.665625 0.6203125 0.01328125 0.04296875
1 0.66328125 0.609375 0.01875 0.05
1 0.47109375 0.584375 0.009375 0.06171875
1 0.44453125 0.59140625 0.015625 0.05
1 0.21796875 0.521875 0.01640625 0.0421875
1 0.20625 0.51796875 0.01328125 0.0359375
1 0.08125 0.59765625 0.021875 0.0546875
1 0.059375 0.66484375 0.02265625 0.06953125
1 0.04453125 0.65390625 0.01875 0.04765625
1 0.9 0.88828125 0.034375 0.12421875
1 0.97578125 0.8734375 0.03046875 0.1046875
1 0.915625 0.853125 0.02109375 0.1046875
1 0.98046875 0.7078125 0.015625 0.0875
1 0.934375 0.6828125 0.015625 0.075
1 0.94765625 0.684375 0.01015625 0.07890625
1 0.96171875 0.69453125 0.01640625 0.0921875
1 0.8078125 0.65859375 0.0203125 0.0796875
1 0.684375 0.97578125 0.04375 0.0484375
1 0.59453125 0.9765625 0.0609375 0.046875
0 0.3953125 0.80625 0.01953125 0.03984375