0 0.5578125 0.61875 0.0109375 0.0234375
1 0.5421875 0.63828125 0.02265625 0.078125
1 0.5546875 0.63125 0.015625 0.07734375
1 0.590625 0.69609375 0.02109375 0.084375
1 0.57578125 0.68984375 0.01328125 0.0890625
1 0.659375 0.65625 0.025 0.06953125
1 0.42421875 0.575 0.0171875 0.0515625
1 0.4125 0.5765625 0.01328125 0.0609375
1 0.34296875 0.55859375 0.0171875 0.05390625
1 0.32421875 0.55859375 0.015625 0.05234375
1 0.3125 0.56171875 0.015625 0.05078125
1 0.3796875 0.6375 0.02421875 0.0671875
1 0.31015625 0.6390625 0.02890625 0.0703125
1 0.61328125 0.69453125 0.0140625 0.0875
1 0.625 0.696875 0.0234375 0.09453125
1 0.69921875 0.85 0.0296875 0.10703125
1 0.7046875 0.81015625 0.03125 0.08359375
1 0.7765625 0.90234375 0.03671875 0.14609375
0 0.2484375 0.5828125 0.015625 0.02890625
1 0.2375 0.57109375 0.01875 0.0453125
0 0.303125 0.6578125 0.0109375 0.0296875
1 0.109375 0.634375 0.01796875 0.0703125
1 0.09140625 0.63828125 0.01953125 0.078125
1 0.07734375 0.63984375 0.02109375 0.07421875
1 0.13046875 0.75859375 0.028125 0.10078125
1 0.0578125 0.5796875 0.01484375 0.059375
1 0.0171875 0.6609375 0.021875 0.06953125
1 0.0296875 0.57890625 0.01796875 0.05546875
1 0.128125 0.540625 0.0109375 0.04296875
1 0.11953125 0.53828125 0.0109375 0.040625
1 0.08984375 0.55625 0.0125 0.04609375
1 0.82265625 0.65703125 0.01484375 0.0765625
1 0.72890625 0.6546875 0.01953125 0.0640625
0 0.734375 0.671875 0.01796875 0.02109375
1 0.87734375 0.7140625 0.028125 0.08359375
1 0.9703125 0.81171875 0.02734375 0.09609375
0 0.9671875 0.8078125 0.01328125 0.0359375