1 0.27109375 0.0796875 0.03203125 0.15859375
1 0.12265625 0.00234375 0.053125 0.0046875
1 0.0375 0.5859375 0.06875 0.2828125
1 0.8296875 0.36640625 0.0609375 0.2296875
1 0.6328125 0.5203125 0.046875 0.25625
1 0.684375 0.43203125 0.053125 0.13125
1 0.74453125 0.53203125 0.0515625 0.17421875
1 0.640625 0.90546875 0.04765625 0.18828125
1 0.653125 0.8328125 0.0515625 0.2296875
1 0.65234375 0.70078125 0.05625 0.21640625
1 0.7078125 0.8046875 0.0640625 0.29921875
1 0.76171875 0.734375 0.0453125 0.13828125
1 0.77578125 0.8453125 0.0625 0.10546875
0 0.78515625 0.390625 0.04140625 0.121875
0 0.29140625 0.48125 0.04140625 0.059375
0 0.28203125 0.53359375 0.04375 0.059375
0 0.29453125 0.11484375 0.02421875 0.08203125
0 0.25390625 0.11953125 0.02109375 0.05234375
0 0.7734375 0.66640625 0.0484375 0.0953125
0 0.6984375 0.95390625 0.05 0.0921875