0 0.503125 0.7484375 0.02109375 0.0921875
0 0.56484375 0.5140625 0.01640625 0.06875
0 0.59140625 0.5203125 0.01484375 0.0625
1 0.390625 0.671875 0.0421875 0.18046875
1 0.42890625 0.69609375 0.03359375 0.2234375
1 0.3171875 0.4828125 0.03828125 0.17109375
1 0.34375 0.478125 0.03046875 0.17421875
1 0.54140625 0.4765625 0.02421875 0.125
1 0.57734375 0.45 0.02421875 0.17109375
1 0.6125 0.46484375 0.02734375 0.1546875
1 0.51953125 0.43984375 0.02421875 0.13828125
1 0.38125 0.28046875 0.02734375 0.14765625
1 0.40234375 0.29921875 0.02109375 0.14453125
1 0.53046875 0.70078125 0.03671875 0.1671875