1 0.50234375 0.72890625 0.02578125 0.090625
1 0.5734375 0.68828125 0.02578125 0.0859375
1 0.58828125 0.6953125 0.021875 0.090625
1 0.6109375 0.6921875 0.01640625 0.0734375
1 0.62109375 0.69140625 0.01640625 0.08046875
1 0.634375 0.696875 0.021875 0.08125
1 0.7265625 0.63515625 0.021875 0.0515625
1 0.7578125 0.6421875 0.015625 0.059375
1 0.76484375 0.8265625 0.03984375 0.10625
1 0.78125 0.684375 0.01796875 0.0796875
1 0.434375 0.58984375 0.01875 0.04921875
1 0.36875 0.5625 0.01875 0.0484375
1 0.34453125 0.56171875 0.015625 0.05
1 0.3140625 0.56328125 0.01328125 0.05703125
0 0.4984375 0.7609375 0.01796875 0.03046875
1 0.15234375 0.803125 0.02890625 0.11171875
1 0.08046875 0.703125 0.02578125 0.08671875
1 0.07265625 0.5859375 0.01953125 0.05625
1 0.03515625 0.5796875 0.01953125 0.04921875
1 0.846875 0.86953125 0.02890625 0.1203125
1 0.94140625 0.71953125 0.01796875 0.10390625
1 0.9828125 0.7078125 0.0203125 0.08046875
1 0.8234375 0.659375 0.015625 0.07109375
1 0.84375 0.86796875 0.02890625 0.140625
1 0.9265625 0.68046875 0.01875 0.08828125