1 0.88828125 0.95234375 0.0734375 0.0953125
1 0.7953125 0.6734375 0.04375 0.20390625
1 0.95859375 0.40703125 0.03359375 0.13125
1 0.3921875 0.94609375 0.059375 0.1078125
1 0.31953125 0.8 0.053125 0.21328125
1 0.3578125 0.46796875 0.03828125 0.1546875
1 0.38984375 0.43984375 0.03515625 0.17109375
1 0.15078125 0.4875 0.03671875 0.17421875
1 0.1734375 0.478125 0.0421875 0.14765625
1 0.2953125 0.59296875 0.02890625 0.1546875
0 0.2828125 0.640625 0.03671875 0.071875
0 0.31796875 0.6171875 0.02734375 0.071875