1 0.56640625 0.80390625 0.03671875 0.1296875
1 0.66484375 0.69921875 0.01953125 0.08203125
1 0.6296875 0.69375 0.01953125 0.07734375
1 0.6125 0.68828125 0.01796875 0.0828125
1 0.58828125 0.696875 0.015625 0.0859375
1 0.5796875 0.68828125 0.01640625 0.09765625
1 0.66171875 0.628125 0.0140625 0.06328125
1 0.67421875 0.6265625 0.015625 0.06875
1 0.7296875 0.64140625 0.015625 0.053125
1 0.75390625 0.63828125 0.0140625 0.06328125
1 0.3328125 0.56953125 0.01640625 0.0546875
1 0.34765625 0.565625 0.01875 0.06484375
1 0.24296875 0.59140625 0.01796875 0.06015625
1 0.22578125 0.5984375 0.02265625 0.07109375
1 0.2890625 0.5390625 0.02109375 0.046875
1 0.3109375 0.540625 0.01640625 0.0421875
0 0.57421875 0.80234375 0.01640625 0.05234375
1 0.4828125 0.7421875 0.021875 0.09453125
1 0.490625 0.72578125 0.0265625 0.08671875
1 0.46484375 0.74765625 0.01640625 0.08359375
1 0.81328125 0.75234375 0.0296875 0.09453125
1 0.79921875 0.74296875 0.025 0.103125
1 0.83125 0.65234375 0.015625 0.0734375
1 0.9046875 0.92734375 0.040625 0.1453125