1 0.6875 0.00703125 0.0421875 0.0140625
1 0.39609375 0.103125 0.0640625 0.20625
1 0.771875 0.15078125 0.0546875 0.2203125
1 0.68046875 0.46015625 0.05625 0.1875
1 0.73203125 0.41875 0.02890625 0.0921875
1 0.9625 0.50703125 0.07421875 0.25625
1 0.25234375 0.43828125 0.0640625 0.18359375
1 0.303125 0.45625 0.046875 0.14140625
1 0.34765625 0.575 0.07109375 0.134375
1 0.42890625 0.76328125 0.0671875 0.30234375
1 0.28203125 0.90546875 0.053125 0.18828125
1 0.20703125 0.896875 0.07265625 0.14140625
1 0.2390625 0.775 0.065625 0.11484375
1 0.32265625 0.7484375 0.046875 0.1546875
1 0.36953125 0.8109375 0.0453125 0.23984375
1 0.2234375 0.66015625 0.0421875 0.14140625
0 0.72265625 0.009375 0.0296875 0.01875
0 0.3921875 0.18515625 0.0359375 0.09921875
0 0.7125 0.48828125 0.0328125 0.06015625
0 0.7203125 0.515625 0.0515625 0.06953125
0 0.34453125 0.903125 0.04140625 0.0828125