0 0.5625 0.803125 0.02109375 0.07578125
0 0.71796875 0.8984375 0.04140625 0.05546875
0 0.44609375 0.44296875 0.01953125 0.065625
0 0.4203125 0.43828125 0.01640625 0.04296875
1 0.71484375 0.85859375 0.05 0.2265625
1 0.53125 0.75703125 0.03828125 0.1671875
1 0.6140625 0.615625 0.0578125 0.1609375
1 0.575 0.7046875 0.02578125 0.1546875
1 0.95546875 0.553125 0.04140625 0.1875
1 0.18671875 0.46953125 0.03046875 0.13828125
1 0.47109375 0.3890625 0.02734375 0.134375
1 0.4296875 0.36484375 0.02265625 0.11796875
1 0.40234375 0.36640625 0.01953125 0.14140625
1 0.14609375 0.43046875 0.02734375 0.13125