0 0.5859375 0.74140625 0.02265625 0.034375
0 0.23828125 0.63203125 0.0109375 0.01875
1 0.05859375 0.64609375 0.01796875 0.0703125
1 0.07734375 0.628125 0.01796875 0.07734375
1 0.05546875 0.58125 0.0140625 0.04609375
1 0.06796875 0.57734375 0.01640625 0.04296875
1 0.07734375 0.56953125 0.015625 0.04453125
1 0.13828125 0.55625 0.015625 0.0515625
1 0.1171875 0.53828125 0.01328125 0.046875
1 0.1296875 0.5484375 0.01328125 0.0609375
1 0.1703125 0.61796875 0.0171875 0.059375
1 0.184375 0.615625 0.01484375 0.0609375
1 0.19609375 0.6171875 0.0234375 0.06015625
1 0.19609375 0.58984375 0.01875 0.05234375
1 0.21796875 0.5859375 0.0171875 0.0609375
1 0.18046875 0.803125 0.0390625 0.12265625
1 0.2109375 0.790625 0.034375 0.11875
1 0.25625 0.79453125 0.01875 0.0984375
1 0.27265625 0.82265625 0.0296875 0.07421875
1 0.28828125 0.790625 0.0265625 0.08671875
1 0.271875 0.7765625 0.028125 0.10859375
1 0.37265625 0.63125 0.01953125 0.06953125
1 0.3125 0.5609375 0.0140625 0.06171875
1 0.34296875 0.55546875 0.01875 0.04765625
1 0.2421875 0.634375 0.01875 0.06328125
1 0.3265625 0.55078125 0.00546875 0.046875
1 0.56484375 0.71796875 0.02734375 0.08125
1 0.62421875 0.69765625 0.021875 0.084375
1 0.61171875 0.69375 0.01953125 0.078125
1 0.58984375 0.690625 0.01640625 0.071875
1 0.57421875 0.69296875 0.02734375 0.08671875
1 0.5640625 0.634375 0.01328125 0.04453125
1 0.5359375 0.615625 0.01875 0.06484375
0 0.53359375 0.60625 0.01328125 0.021875
1 0.43203125 0.5828125 0.0140625 0.0609375
0 0.4359375 0.5921875 0.00859375 0.01484375
1 0.41640625 0.59765625 0.01328125 0.03359375
1 0.43984375 0.57890625 0.0109375 0.0546875