1 0.35 0.73203125 0.03515625 0.10546875
1 0.2703125 0.815625 0.03984375 0.1140625
1 0.3671875 0.55625 0.01015625 0.053125
1 0.35546875 0.55625 0.01953125 0.04765625
1 0.62734375 0.82109375 0.0265625 0.1171875
1 0.659375 0.81796875 0.03203125 0.10625
1 0.578125 0.68984375 0.0109375 0.08203125
1 0.58984375 0.69765625 0.01875 0.08984375
1 0.61328125 0.69296875 0.01484375 0.0828125
1 0.62734375 0.6921875 0.02109375 0.075
1 0.66796875 0.6390625 0.01640625 0.05234375
1 0.66171875 0.62421875 0.01328125 0.06796875
1 0.66875 0.609375 0.01796875 0.06171875
1 0.728125 0.6390625 0.01875 0.05390625
1 0.759375 0.63671875 0.02421875 0.0515625
1 0.1828125 0.6203125 0.02421875 0.0671875
1 0.18203125 0.5546875 0.01484375 0.05078125
1 0.1625 0.559375 0.01171875 0.053125
1 0.0984375 0.58828125 0.01484375 0.06875
1 0.078125 0.6046875 0.015625 0.0546875
1 0.04296875 0.6375 0.021875 0.05859375
1 0.0296875 0.6125 0.0125 0.053125
1 0.065625 0.61484375 0.0203125 0.0625
1 0.07265625 0.5421875 0.01796875 0.04453125
1 0.065625 0.57109375 0.0125 0.04921875
0 0.3546875 0.73046875 0.01484375 0.0328125
1 0.85078125 0.96875 0.040625 0.06171875
1 0.83515625 0.6609375 0.0265625 0.08203125
1 0.265625 0.540625 0.01796875 0.0515625
1 0.88984375 0.746875 0.021875 0.08203125
1 0.90390625 0.74453125 0.0203125 0.078125
0 0.90625 0.734375 0.0109375 0.025
1 0.97890625 0.71484375 0.01484375 0.078125
1 0.93203125 0.68203125 0.0171875 0.07734375
1 0.94609375 0.6875 0.0125 0.08203125
1 0.6640625 0.7015625 0.01484375 0.07578125
1 0.6546875 0.73515625 0.0171875 0.0796875