1 0.39375 0.04921875 0.05 0.0984375
1 0.321875 0.46484375 0.0609375 0.18359375
1 0.26875 0.44140625 0.03359375 0.11796875
1 0.04375 0.575 0.0640625 0.2859375
1 0.596875 0.37421875 0.0625 0.20703125
1 0.54453125 0.5109375 0.06875 0.23671875
1 0.74296875 0.52578125 0.0640625 0.20703125
1 0.70546875 0.4234375 0.0609375 0.18046875
1 0.63359375 0.49765625 0.0578125 0.25625
1 0.65234375 0.79453125 0.065625 0.14765625
1 0.6359375 0.9046875 0.065625 0.17109375
1 0.75546875 0.76328125 0.0640625 0.21640625
1 0.6984375 0.8 0.06875 0.2890625
0 0.696875 0.95390625 0.053125 0.0921875
0 0.509375 0.6171875 0.0421875 0.14140625
0 0.2890625 0.478125 0.0546875 0.071875
0 0.2875 0.5203125 0.0421875 0.065625