0 0.4734375 0.703125 0.021875 0.02734375
1 0.453125 0.684375 0.0234375 0.071875
1 0.5828125 0.8109375 0.0234375 0.11953125
1 0.7015625 0.74296875 0.02890625 0.09375
1 0.73046875 0.63671875 0.021875 0.05390625
1 0.7578125 0.64375 0.02265625 0.0609375
1 0.8265625 0.68828125 0.0265625 0.06640625
1 0.82578125 0.65390625 0.015625 0.059375
1 0.63203125 0.70546875 0.01484375 0.08203125
1 0.62734375 0.69453125 0.0171875 0.08359375
1 0.6109375 0.6875 0.01640625 0.08046875
1 0.5921875 0.69921875 0.0203125 0.08984375
1 0.5765625 0.690625 0.01875 0.08828125
1 0.41953125 0.7921875 0.03671875 0.11484375
1 0.39765625 0.84296875 0.03046875 0.103125
1 0.37265625 0.81796875 0.025 0.11484375
1 0.278125 0.859375 0.034375 0.1296875
0 0.26796875 0.88125 0.0140625 0.04296875
1 0.24453125 0.87109375 0.0375 0.11875
1 0.22109375 0.60546875 0.01796875 0.0671875
1 0.19375 0.6140625 0.01953125 0.065625
1 0.140625 0.603125 0.0171875 0.065625
1 0.04921875 0.609375 0.02109375 0.065625
1 0.03828125 0.615625 0.015625 0.0734375
1 0.0578125 0.5640625 0.0140625 0.04296875
1 0.04921875 0.56640625 0.009375 0.04140625
1 0.03828125 0.57421875 0.0171875 0.05390625
0 0.03828125 0.603125 0.00703125 0.02890625
0 0.35625 0.59453125 0.0078125 0.0171875
1 0.3640625 0.5859375 0.0203125 0.059375
1 0.4015625 0.58671875 0.0125 0.0328125
1 0.4203125 0.5734375 0.01328125 0.05859375
1 0.50234375 0.61328125 0.0171875 0.07109375
1 0.34375 0.55625 0.01328125 0.0484375
1 0.15546875 0.59765625 0.01484375 0.0625
1 0.18125 0.56953125 0.0125 0.04453125
1 0.165625 0.5921875 0.0109375 0.05546875
1 0.9109375 0.77734375 0.02265625 0.0796875
1 0.9359375 0.728125 0.0203125 0.078125
1 0.978125 0.70625 0.0125 0.071875
1 0.9328125 0.67734375 0.01875 0.06640625