1 0.69765625 0.74765625 0.0328125 0.08359375
1 0.69453125 0.7875 0.04375 0.07890625
1 0.81640625 0.79765625 0.01875 0.11015625
1 0.85625 0.8078125 0.03203125 0.1
1 0.82421875 0.65546875 0.01640625 0.071875
1 0.75546875 0.63828125 0.01953125 0.05
1 0.7296875 0.6359375 0.01875 0.046875
1 0.625 0.70078125 0.0203125 0.0921875
1 0.6109375 0.69140625 0.015625 0.08359375
1 0.58828125 0.69140625 0.01796875 0.0875
1 0.57734375 0.6859375 0.01875 0.08984375
1 0.64296875 0.64453125 0.0140625 0.0640625
1 0.6328125 0.65234375 0.01875 0.0625
1 0.309375 0.63984375 0.02578125 0.0859375
1 0.25546875 0.603125 0.0203125 0.0609375
1 0.2828125 0.6203125 0.015625 0.05859375
1 0.228125 0.63984375 0.01640625 0.06796875
1 0.21484375 0.6375 0.021875 0.078125
1 0.2 0.64453125 0.02421875 0.0734375
1 0.1140625 0.64453125 0.02265625 0.07578125
1 0.10546875 0.675 0.025 0.08125
1 0.190625 0.77421875 0.02890625 0.0921875
1 0.146875 0.7453125 0.0296875 0.08359375
1 0.1484375 0.77265625 0.0296875 0.09453125
1 0.1640625 0.77890625 0.0296875 0.11328125
1 0.18203125 0.74765625 0.0265625 0.11328125
1 0.89609375 0.7703125 0.02890625 0.0890625
1 0.92578125 0.68671875 0.01640625 0.0796875
1 0.4578125 0.590625 0.021875 0.0546875
1 0.43984375 0.603125 0.01015625 0.0390625
1 0.346875 0.55 0.01875 0.053125
1 0.26953125 0.54375 0.01328125 0.0390625
1 0.296875 0.5375 0.01484375 0.03125
1 0.284375 0.5390625 0.01015625 0.04453125
0 0.71171875 0.77109375 0.02890625 0.04765625
0 0.3046875 0.64609375 0.0109375 0.01953125