1 0.0421875 0.56953125 0.06875 0.25625
1 0.25703125 0.4125 0.03671875 0.08515625
1 0.321875 0.46484375 0.0546875 0.17734375
1 0.61484375 0.49453125 0.065625 0.2890625
1 0.68515625 0.40390625 0.0546875 0.20703125
1 0.74453125 0.53203125 0.07890625 0.1671875
1 0.64296875 0.88515625 0.0671875 0.2296875
1 0.703125 0.80625 0.053125 0.2953125
1 0.7609375 0.7796875 0.04140625 0.21015625
0 0.2828125 0.47109375 0.0546875 0.04609375
0 0.2859375 0.52578125 0.0609375 0.06875
0 0.66953125 0.5421875 0.05625 0.11484375
0 0.0453125 0.55859375 0.03046875 0.08828125
1 0.8046875 0.878125 0.046875 0.10546875
1 0.815625 0.95859375 0.06875 0.0625
1 0.75 0.9703125 0.046875 0.059375