0 0.6734375 0.94921875 0.03203125 0.03671875
0 0.73125 0.8734375 0.01328125 0.04140625
0 0.26796875 0.6953125 0.01875 0.04765625
1 0.22265625 0.5984375 0.01953125 0.0484375
1 0.06015625 0.66796875 0.0234375 0.07734375
1 0.078125 0.615625 0.0171875 0.0515625
1 0.0640625 0.615625 0.01328125 0.0515625
1 0.3515625 0.87421875 0.03515625 0.12578125
1 0.2640625 0.70546875 0.03671875 0.09140625
1 0.52890625 0.71640625 0.0296875 0.09140625
1 0.440625 0.57265625 0.0171875 0.04765625
1 0.4 0.565625 0.01953125 0.0515625
1 0.3828125 0.56484375 0.0171875 0.046875
1 0.58671875 0.69453125 0.01640625 0.08203125
1 0.5796875 0.690625 0.01328125 0.0890625
1 0.6140625 0.68671875 0.015625 0.0734375
1 0.62890625 0.6859375 0.0234375 0.07265625
1 0.66796875 0.7046875 0.021875 0.0796875
1 0.67578125 0.64296875 0.01953125 0.0375
1 0.6640625 0.62734375 0.01953125 0.0625
1 0.67109375 0.61328125 0.01484375 0.0671875
1 0.73203125 0.63671875 0.01640625 0.05703125
1 0.75546875 0.63828125 0.0109375 0.06015625
1 0.66796875 0.92578125 0.03828125 0.1328125
1 0.7171875 0.8609375 0.03125 0.115625
1 0.74140625 0.8484375 0.0171875 0.11328125
1 0.7546875 0.84765625 0.0203125 0.12265625