1 0.6875 0.903125 0.0421875 0.19296875
1 0.39609375 0.99140625 0.0640625 0.0171875
1 0.01015625 0.88515625 0.0203125 0.19765625
1 0.70625 0.45 0.02578125 0.13125
1 0.746875 0.446875 0.02890625 0.13828125
1 0.81953125 0.43671875 0.03671875 0.10546875
1 0.80703125 0.49296875 0.02734375 0.10546875
0 0.83671875 0.4890625 0.01640625 0.05234375
0 0.82265625 0.54921875 0.02109375 0.04609375
0 0.72265625 0.9609375 0.0296875 0.078125
0 0.034375 0.91640625 0.05234375 0.15234375
1 0.06953125 0.58046875 0.0234375 0.11796875